function g = gradExample52(x)
x1 = x(1);
x2 = x(2);
g1 = 2*(2*x1 + 2)*(x1^2 + 2*x1 + x2^3 - x2 + 11/10) + 6*x1^2*(x1^3 - x2^4 + 2) ...
    - 2*(2*x1 + 1)* (- x1^2 - x1 + x2^2 + 3*x2 + 2);
g2 = 2*(2*x2 + 3)*(- x1^2 - x1 + x2^2 + 3*x2 + 2) - 8*x2^3*(x1^3 - x2^4 + 2) +...
    2*(3*x2^2 - 1)* (x1^2 + 2*x1 + x2^3 - x2 + 11/10);

g = [g1; g2];
